P_border_data:
742 650
752 640
762 636
774 636
786 637
799 638
810 640
823 640
835 642
848 643
861 644
870 642
882 644
893 647
901 656
909 665
918 672
915 656
905 650
900 641
899 628
908 618
915 607
923 595
931 590
937 577
941 570
951 560
955 550
962 540
969 528
977 518
986 514
997 509
1005 509
1019 516
1029 524
1038 528
1047 535
1060 541
1069 549
1081 552
1091 558
1103 560
1114 562
1126 562
1139 561
1149 558
1160 553
1169 544
1169 533
1169 521
1171 508
1171 495
1175 485
1177 474
1181 461
1185 450
1195 440
1207 441
1218 444
1228 449
1238 443
1249 436
1259 430
1268 419
1270 408
1273 398
1282 390
1294 392
1305 399
1317 403
1325 398
1334 404
1338 413
1339 425
1338 436
1341 449
1349 460
1355 468
1361 482
1366 491
1376 500
1383 509
1395 517
1404 522
1417 525
1428 529
1438 537
1448 541
1457 553
1459 562
1462 575
1464 586
1469 598
1471 611
1474 621
1483 630
1489 641
1494 651
1496 662
1496 675
1490 687
1491 700
1488 711
1484 724
1478 733
1470 741
1463 753
1456 762
1450 772
1456 785
1462 791
1470 800
1480 809
1490 813
1502 821
1510 827
1524 830
1536 836
1548 839
1559 840
1570 842
1580 844
1593 846
1606 850
1617 854
1626 861
1638 868
1648 874
1656 882
1665 890
1675 898
1682 905
1688 914
1699 926
1704 932
1715 940
1728 939
1740 942
1734 954
1738 966
1743 978
1748 990
1751 1002
1754 1010
1756 1024
1759 1035
1762 1046
1770 1056
1776 1065
1781 1077
1786 1089
1794 1096
1806 1096
1820 1098
1829 1096
1843 1098
1855 1100
1867 1102
1876 1107
1889 1114
1900 1118
1908 1121
1921 1126
1935 1129
1943 1132
1956 1135
1968 1140
1980 1140
1991 1139
2004 1137
2013 1136
2030 1136
2041 1138
2050 1135
2064 1136
2076 1138
2087 1139
2098 1140
2113 1145
2124 1148
2136 1152
2145 1160
2153 1168
2161 1179
2170 1182
2182 1192
2193 1195
2203 1192
2214 1202
2224 1206
2235 1214
2246 1219
2257 1227
2268 1231
2278 1234
2289 1235
2302 1232
2313 1233
2322 1230
2332 1234
2332 1248
2339 1256
2350 1255
2365 1258
2376 1253
2386 1248
2394 1242
2406 1240
2416 1233
2429 1227
2438 1222
2449 1218
2461 1212
2469 1206
2481 1200
2492 1194
2503 1191
2514 1188
2526 1184
2540 1184
2550 1187
2561 1187
2574 1190
2585 1190
2597 1192
2610 1192
2623 1194
2633 1194
2645 1196
2657 1194
2669 1191
2681 1186
2689 1180
2701 1173
2710 1169
2721 1164
2732 1158
2739 1150
2748 1140
2757 1133
2765 1121
2774 1110
2781 1104
2791 1098
2801 1090
2811 1086
2823 1080
2834 1074
2840 1066
2843 1056
2834 1048
2826 1040
2816 1028
2810 1022
2803 1008
2802 996
2803 986
2807 975
2810 962
2815 952
2823 941
2834 934
2843 930
2855 931
2863 932
2877 936
2886 944
2898 952
2908 953
2921 956
2931 962
2943 961
2952 956
2963 948
2973 938
2981 931
2988 922
2998 916
3001 906
3009 896
3023 895
3033 894
3047 893
3059 890
3069 888
3081 883
3091 879
3100 870
3109 862
3116 855
3114 841
3119 829
3123 820
3127 808
3139 803
3149 803
3161 800
3173 800
3183 796
3184 783
3191 773
3203 779
3213 781
3221 772
3233 766
3241 758
3255 756
3265 754
3275 749
3287 750
3298 754
3311 756
3321 759
3333 759
3347 756
3343 744
3339 733
3333 721
3328 713
3319 704
3311 695
3305 686
3297 678
3287 670
3278 663
3269 656
3257 651
3248 644
3237 637
3225 636
3213 638
3205 646
3197 656
3190 663
3182 670
3173 675
3162 670
3151 670
3139 665
3128 664
3117 665
3107 666
3095 669
3085 671
3075 664
3065 661
3057 654
3053 643
3059 631
3066 622
3066 611
3073 600
3077 590
3083 578
3085 568
3091 559
3096 547
3099 536
3103 526
3108 515
3110 504
3115 494
3119 481
3128 478
3138 486
3148 491
3161 494
3173 494
3186 491
3198 486
3207 482
3219 475
3225 467
3237 458
3247 452
3259 444
3270 443
3279 434
3287 426
3277 416
3265 420
3258 411
3265 399
3273 389
3277 376
3281 365
3288 354
3295 342
3298 332
3305 318
3311 309
3315 297
3325 286
3330 274
3338 264
3346 256
3348 246
3345 235
3341 226
3339 214
3333 207
3319 205
3309 206
3298 206
3297 199
3300 188
3307 182
3315 174
3325 166
3332 155
3335 146
3344 136
3357 136
3371 130
3379 128
3393 124
3399 120
3413 117
3424 112
3437 110
3447 106
3461 100
3468 100
3483 99
3493 99
3505 100
3516 101
3530 102
3543 106
3551 108
3559 118
3571 119
3579 114
3595 116
3601 121
3613 123
3627 127
3635 137
3645 142
3652 152
3658 162
3665 172
3670 186
3679 190
3683 203
3691 210
3699 220
3705 230
3705 240
3715 250
3723 258
3723 272
3720 282
3729 289
3739 296
3744 304
3752 313
3759 322
3764 328
3768 336
3769 350
3775 360
3775 372
3780 384
3783 393
3790 403
3798 409
3810 410
3822 408
3833 405
3845 401
3857 400
3866 405
3871 414
3884 420
3894 418
3902 412
3912 413
3920 421
3928 429
3940 438
3951 446
3964 451
3974 448
3986 445
3994 451
3986 460
3988 470
4002 478
4004 481
4001 495
4005 507
4012 516
4018 527
4026 538
4034 543
4046 543
4058 540
4067 538
4080 536
4091 533
4105 532
4112 528
4126 526
4132 514
4134 501
4142 492
4150 484
4160 477
4171 474
4178 468
4188 460
4200 455
4208 448
4218 441
4228 434
4238 430
4250 426
4258 424
4268 425
4262 439
4259 450
4258 462
4256 471
4260 482
4256 495
4254 506
4251 520
4246 526
4245 538
4245 552
4246 562
4246 574
4246 587
4245 600
4246 612
4246 624
4246 635
4245 648
4242 660
4240 669
4237 682
4233 691
4232 705
4230 713
4228 727
4228 740
4224 751
4214 755
4203 758
4190 759
4178 760
4167 758
4155 759
4140 754
4136 766
4132 773
4125 785
4113 791
4107 799
4090 806
4092 813
4100 821
4105 834
4110 846
4114 855
4121 867
4125 879
4130 891
4130 905
4132 916
4134 925
4136 942
4136 953
4136 966
4136 977
4132 992
4120 997
4108 1003
4108 1013
4109 1019
4114 1026
4104 1026
4095 1015
4083 1009
4073 1003
4064 1000
4059 1010
4055 1021
4052 1032
4052 1051
4047 1062
4045 1072
4042 1083
4029 1090
4020 1093
4004 1097
3994 1100
3983 1103
3971 1107
3956 1108
3956 1117
3960 1126
3969 1138
3976 1148
3977 1158
3964 1166
3953 1172
3944 1174
3932 1178
3919 1180
3908 1174
3899 1164
3890 1156
3884 1154
3871 1160
3867 1174
3862 1184
3857 1194
3855 1204
3848 1216
3843 1228
3834 1236
3827 1249
3822 1256
3814 1266
3806 1274
3794 1283
3786 1291
3781 1297
3770 1306
3762 1315
3738 1340
3728 1348
3716 1356
3708 1362
3695 1368
3688 1374
3668 1396
3660 1406
3650 1413
3644 1421
3627 1429
3622 1437
3602 1448
3596 1457
3580 1473
3572 1484
3564 1495
3555 1499
3543 1504
3528 1504
3516 1500
3508 1494
3509 1483
3516 1472
3523 1460
3531 1451
3536 1444
3531 1430
3526 1422
3518 1414
3513 1402
3520 1391
3526 1384
3535 1374
3544 1363
3551 1352
3559 1346
3565 1332
3568 1323
3566 1310
3558 1305
3549 1298
3542 1285
3530 1287
3518 1298
3509 1310
3502 1312
3496 1319
3484 1328
3479 1340
3468 1346
3463 1354
3451 1364
3446 1370
3433 1380
3427 1390
3418 1396
3411 1408
3402 1415
3392 1424
3384 1432
3376 1442
3376 1456
3369 1467
3366 1478
3356 1481
3342 1483
3332 1486
3319 1490
3309 1493
3296 1499
3286 1500
3276 1507
3265 1512
3262 1522
3268 1536
3276 1548
3282 1553
3288 1563
3288 1573
3302 1575
3316 1573
3322 1562
3334 1555
3346 1562
3354 1569
3361 1577
3372 1583
3378 1595
3378 1606
3369 1617
3367 1630
3374 1640
3380 1649
3387 1656
3398 1661
3410 1658
3421 1653
3432 1644
3435 1631
3444 1624
3449 1613
3459 1603
3470 1599
3478 1594
3490 1587
3502 1582
3510 1587
3517 1593
3529 1599
3541 1603
3552 1605
3566 1609
3577 1608
3586 1608
3598 1607
3612 1607
3624 1611
3638 1608
3649 1604
3658 1603
3669 1603
3679 1612
3686 1619
3690 1629
3680 1636
3671 1646
3660 1654
3648 1659
3640 1665
3626 1669
3614 1670
3601 1673
3591 1675
3580 1679
3566 1682
3558 1682
3548 1687
3537 1696
3537 1709
3536 1721
3535 1733
3535 1745
3532 1756
3527 1765
3518 1773
3509 1784
3497 1793
3492 1801
3489 1809
3478 1819
3468 1826
3463 1837
3466 1849
3456 1863
3454 1871
3460 1877
3472 1883
3480 1889
3496 1896
3503 1905
3512 1913
3518 1924
3527 1934
3534 1943
3540 1953
3546 1966
3548 1973
3554 1985
3560 1995
3561 2011
3564 2021
3562 2035
3562 2045
3563 2058
3566 2067
3575 2076
3588 2077
3599 2083
3608 2091
3616 2101
3626 2109
3636 2117
3644 2125
3650 2132
3656 2145
3658 2156
3662 2168
3670 2174
3680 2182
3691 2183
3703 2187
3713 2194
3722 2201
3724 2208
3726 2222
3722 2234
3720 2246
3718 2259
3718 2269
3714 2283
3711 2297
3709 2307
3706 2319
3705 2330
3708 2342
3707 2353
3707 2365
3708 2379
3708 2389
3711 2403
3708 2415
3710 2427
3711 2437
3706 2450
3703 2461
3700 2473
3694 2483
3686 2493
3680 2504
3674 2514
3667 2522
3660 2531
3652 2541
3644 2551
3640 2563
3628 2572
3624 2581
3618 2591
3614 2601
3606 2615
3603 2623
3598 2637
3594 2647
3588 2658
3584 2669
3576 2679
3571 2686
3568 2701
3569 2713
3564 2722
3561 2733
3557 2747
3556 2757
3549 2767
3542 2777
3533 2789
3526 2795
3518 2807
3511 2813
3504 2823
3496 2835
3488 2843
3480 2853
3471 2860
3464 2869
3455 2879
3448 2887
3438 2896
3431 2905
3422 2915
3412 2921
3403 2929
3396 2939
3385 2945
3377 2953
3368 2962
3360 2968
3351 2977
3341 2985
3332 2993
3325 2999
3313 3009
3304 3014
3293 3021
3286 3029
3273 3032
3263 3039
3250 3044
3240 3053
3230 3056
3218 3061
3206 3064
3196 3065
3182 3065
3170 3065
3158 3063
3146 3065
3141 3075
3140 3085
3139 3107
3140 3099
3133 3117
3119 3125
3109 3127
3097 3127
3084 3127
3072 3123
3064 3115
3053 3107
3054 3097
3056 3083
3051 3077
3046 3087
3040 3097
3034 3111
3030 3121
3021 3129
3010 3133
2997 3137
2986 3141
2976 3147
2964 3148
2952 3156
2940 3161
2934 3165
2920 3169
2910 3174
2898 3175
2887 3179
2872 3180
2862 3179
2851 3187
2839 3188
2827 3196
2814 3199
2806 3206
2798 3213
2784 3216
2777 3226
2772 3238
2775 3250
2775 3260
2774 3269
2766 3281
2757 3287
2746 3289
2733 3290
2720 3285
2710 3278
2706 3268
2702 3257
2697 3245
2693 3238
2689 3225
2688 3214
2690 3200
2678 3196
2665 3196
2654 3197
2644 3196
2635 3189
2626 3179
2614 3174
2604 3168
2591 3170
2581 3168
2570 3171
2556 3174
2544 3172
2533 3166
2523 3166
2507 3163
2498 3162
2484 3159
2476 3154
2467 3148
2457 3144
2446 3135
2436 3130
2425 3117
2423 3106
2420 3096
2416 3084
2413 3076
2423 3066
2432 3060
2438 3048
2428 3042
2414 3042
2402 3037
2392 3035
2381 3030
2369 3031
2358 3023
2349 3014
2339 3009
2330 3003
2319 2994
2308 2995
2300 3002
2292 3008
2281 3020
2275 3030
2266 3038
2256 3044
2244 3046
2232 3052
2221 3056
2213 3058
2198 3066
2187 3068
2178 3062
2169 3052
2157 3053
2147 3055
2141 3042
2133 3047
2130 3057
2121 3062
2106 3057
2098 3050
2091 3040
2082 3038
2071 3038
2062 3046
2052 3052
2046 3056
2035 3066
2025 3066
2012 3062
1998 3060
1990 3068
1987 3075
1992 3088
1996 3100
1997 3111
2001 3122
2006 3137
2006 3146
2006 3158
2004 3170
1998 3178
1989 3182
1973 3179
1963 3179
1949 3176
1939 3174
1928 3162
1930 3153
1931 3140
1930 3130
1926 3126
1915 3134
1904 3136
1892 3142
1881 3145
1869 3144
1856 3145
1845 3142
1835 3135
1832 3125
1834 3111
1840 3101
1845 3090
1834 3084
1820 3083
1810 3080
1796 3080
1786 3080
1775 3077
1763 3074
1757 3063
1760 3054
1766 3042
1770 3031
1773 3019
1778 3008
1786 2998
1796 2994
1804 2988
1792 2985
1778 2978
1769 2976
1760 2970
1748 2960
1745 2953
1743 2943
1744 2930
1743 2917
1736 2908
1734 2896
1742 2886
1733 2880
1723 2880
1710 2878
1700 2876
1690 2880
1679 2886
1672 2891
1656 2895
1645 2891
1637 2883
1642 2873
1652 2863
1653 2853
1656 2841
1646 2833
1641 2825
1646 2811
1652 2803
1661 2793
1665 2779
1670 2769
1682 2762
1687 2752
1695 2745
1702 2733
1705 2723
1718 2718
1728 2717
1737 2708
1746 2700
1749 2688
1752 2677
1761 2667
1762 2657
1766 2645
1768 2635
1771 2621
1773 2613
1773 2601
1776 2587
1780 2576
1780 2563
1770 2555
1758 2567
1750 2558
1744 2551
1742 2537
1740 2525
1740 2516
1736 2502
1730 2492
1726 2483
1720 2473
1709 2467
1697 2467
1686 2473
1686 2484
1688 2495
1686 2507
1677 2515
1669 2521
1655 2521
1643 2513
1634 2507
1624 2504
1613 2494
1606 2490
1593 2484
1587 2479
1574 2472
1562 2470
1550 2466
1538 2473
1528 2483
1519 2489
1509 2488
1495 2494
1484 2497
1474 2502
1466 2502
1454 2506
1443 2511
1431 2510
1419 2513
1412 2524
1402 2534
1393 2541
1386 2548
1374 2556
1364 2562
1354 2565
1343 2563
1329 2566
1315 2564
1304 2562
1294 2558
1282 2555
1272 2551
1262 2554
1248 2548
1238 2545
1226 2537
1220 2528
1220 2516
1225 2508
1232 2496
1224 2492
1216 2484
1202 2478
1197 2465
1192 2456
1190 2446
1190 2434
1176 2432
1164 2436
1152 2433
1144 2430
1132 2421
1120 2416
1110 2408
1099 2406
1090 2400
1074 2396
1068 2388
1055 2390
1045 2397
1035 2408
1025 2413
1019 2422
1011 2432
1005 2444
998 2450
986 2458
973 2458
967 2448
967 2437
965 2423
965 2410
969 2401
979 2394
983 2381
975 2379
964 2384
952 2384
940 2389
925 2392
915 2391
900 2387
888 2385
876 2384
864 2381
856 2376
843 2374
831 2371
821 2367
808 2363
798 2360
786 2354
776 2349
767 2341
754 2334
747 2327
737 2320
726 2311
716 2306
708 2297
699 2288
691 2281
681 2272
674 2266
661 2254
656 2247
646 2238
638 2229
633 2219
630 2208
630 2196
628 2186
622 2176
612 2176
599 2180
588 2176
576 2170
574 2161
566 2148
562 2140
556 2129
550 2118
542 2109
533 2099
525 2090
517 2081
512 2074
503 2064
498 2052
497 2039
491 2030
481 2021
468 2026
459 2034
451 2043
442 2049
429 2042
422 2036
414 2028
404 2019
399 2010
391 2000
384 1991
375 1982
368 1972
359 1964
352 1954
343 1946
335 1938
326 1930
315 1924
303 1919
291 1915
286 1903
281 1892
275 1882
272 1870
267 1860
269 1846
276 1831
283 1826
283 1815
285 1799
276 1790
271 1780
270 1770
271 1759
277 1748
285 1740
297 1734
307 1728
319 1732
321 1747
326 1754
339 1753
351 1750
355 1737
355 1727
354 1716
351 1705
346 1693
343 1679
335 1668
337 1656
335 1645
341 1635
339 1619
341 1612
355 1611
371 1611
375 1599
366 1591
356 1583
352 1574
343 1564
333 1555
331 1541
328 1533
329 1519
331 1511
331 1497
337 1484
329 1476
317 1471
304 1470
293 1465
283 1457
277 1450
269 1443
260 1431
251 1423
240 1420
230 1417
222 1405
219 1395
215 1383
209 1373
208 1361
217 1351
225 1343
235 1334
235 1324
225 1322
217 1312
209 1303
203 1291
196 1284
187 1273
175 1269
163 1265
155 1255
143 1247
147 1233
152 1223
164 1215
171 1220
188 1223
197 1222
199 1207
199 1196
197 1183
197 1173
199 1159
196 1150
203 1138
217 1132
207 1119
199 1115
187 1111
176 1109
163 1106
156 1101
147 1092
141 1080
141 1067
143 1059
154 1049
153 1041
145 1030
141 1017
151 1009
159 1003
174 999
182 993
191 983
199 975
205 963
212 956
224 954
236 951
250 950
263 943
273 941
285 938
296 937
303 944
315 944
326 939
341 939
353 939
356 950
353 961
345 973
361 973
374 975
385 980
398 974
401 965
407 954
413 945
425 937
436 938
447 942
460 945
469 949
484 954
492 952
503 949
519 945
527 943
539 937
549 933
561 929
571 926
587 927
597 927
612 928
620 926
635 921
643 921
656 919
668 913
675 903
681 898
687 881
689 872
692 859
701 850
712 841
717 832
729 828
739 821
742 808
743 798
743 786
743 774
745 763
745 751
747 738
751 727
757 713
761 704
767 691
763 685
750 678
741 670
738 660
2740 3328
2726 3326
2716 3327
2702 3333
2696 3336
2682 3344
2672 3349
2662 3354
2648 3363
2643 3372
2632 3378
2624 3389
2610 3414
2614 3429
2622 3438
2633 3448
2641 3454
2654 3456
2662 3457
2675 3454
2687 3456
2701 3448
2710 3439
2718 3431
2726 3424
2738 3416
2744 3406
2748 3396
2756 3387
2765 3376
2767 3364
2763 3351
2759 3337
2750 3328
3648 3088
3654 3099
3659 3098
3661 3082
3656 3076
3661 3068
3656 3062
3662 3054
3662 3047
3671 3040
3678 3028
3682 3012
3686 3004
3690 2990
3692 2982
3694 2968
3696 2957
3702 2944
3701 2932
3701 2921
3704 2908
3709 2896
3711 2882
3717 2871
3718 2861
3726 2851
3732 2838
3730 2827
3735 2818
3728 2808
3732 2796
3742 2782
3736 2776
3726 2768
3714 2762
3705 2768
3692 2772
3679 2777
3673 2786
3664 2794
3654 2800
3647 2810
3638 2820
3633 2831
3630 2838
3624 2848
3616 2860
3604 2869
3598 2872
3597 2886
3596 2890
3598 2900
3594 2914
3593 2926
3594 2932
3596 2943
3598 2952
3600 2966
3603 2978
3608 2992
3611 3000
3613 3011
3619 3019
3625 3031
3630 3035
3633 3046
3638 3050
3642 3060
3642 3065
3646 3077
P_data:
1213 894 乌鲁木齐
1303 998 吐鲁番
1374 1012 鄯善
1413 1019 吐哈
1590 1053 哈密
1658 1135 柳园
1826 1332 玉门
1876 1391 嘉峪关
1901 1407 酒泉
1944 1435 高台
1992 1466 泉泽
2028 1486 张掖
2043 1543 民乐
2074 1644 门源
2087 1679 大通
2098 1721 西宁
2143 1740 海东
2171 1754 乐都
2201 1764 民和
2259 1788 兰州
2291 1742 白银
2311 1714 靖远
2329 1695 平川
2363 1651 中卫
2401 1630 中宁
2287 1817 榆中
1967 3149 磨憨
1951 3107 勐腊
1943 3072 橄榄坝
1931 3032 西双版纳
1949 3008 野象谷
1979 2969 普洱
1993 2945 宁洱
2009 2927 墨江
2026 2908 元江
2037 2890 化念
2048 2873 峨山
1648 2889 瑞丽
1727 2822 芒市
1750 2805 龙陵
1786 2774 保山
1812 2753 永平
1836 2736 漾濞
1864 2711 大理
1864 2636 鹤庆
1863 2602 丽江
1902 2726 祥云
1962 2752 南华
1994 2772 楚雄
2026 2786 禄丰
2055 2796 安宁
2127 3020 红河
2136 2981 开远
2145 2940 朋普
2152 2914 竹园
2160 2884 弥勒
2136 2863 石林
2122 2844 阳宗
2098 2820 昆明
2080 2785 禄丰
2071 2764 广通
2060 2736 元谋
2044 2703 永仁
2030 2673 攀枝花
2039 2638 盐边
2047 2616 米易
2056 2580 德昌
2066 2545 西昌
2073 2520 冕宁
2082 2501 喜德
2103 2476 越西
2119 2456 甘洛
2138 2438 金河口
2154 2421 峨边
2172 2399 峨眉山
2153 2797 崇明
2195 2780 曲靖
2234 2766 富源
2263 2756 盘州
2294 2746 普安
2332 2734 关岭
2379 2720 安顺
2407 2708 平坝
2214 2902 普者黑
2266 2920 珠琳
2296 2925 广南
2320 2948 白腊寨
2342 2969 富宁
2370 2961 者桑
2402 2950 阳圩
2432 2937 百色
2456 2958 田阳
2476 2972 田东
2506 2996 平果
2482 3101 崇左
2529 3076 扶绥
2642 3179 北海
2612 3116 钦州
2528 3010 隆安
2578 3050 南宁
2566 2989 马山
2558 2956 都安
2550 2921 河池
2540 2872 环江
2527 2818 荔波
2516 2768 独山
2508 2729 都匀
2481 2698 龙里
2445 2698 贵阳
2416 2681 白云
2386 2664 黔西
2357 2646 大方
2328 2626 毕节
2294 2606 镇雄
2286 2562 威信
2278 2518 长宁
2273 2484 宜宾
2255 2458 屏山
2451 2651 修文
2455 2623 息烽
2459 2588 遵义
2456 2558 娄山关
2455 2536 桐梓
2452 2516 赶水
2450 2499 綦江
2447 2458 珞璜
2441 2415 重庆
2355 2484 泸州
2332 2464 泸县
2315 2449 富顺
2295 2439 自贡
2293 2410 威远
1211 2344 拉萨
1232 2389 贡嘎
1264 2396 扎囊
1299 2403 山南
1333 2408 桑日
1378 2410 加查
1429 2415 朗县
1499 2388 米林
1528 2358 林芝
1589 2347 波密
1654 2332 八宿
1731 2280 昌都
1809 2295 江达
1996 2385 理塘
2075 2376 康定
2145 2370 雅安
2235 2434 犍为
2208 2398 乐山
2223 2352 眉山
2232 2328 双流
2185 2354 邛崃
2202 2337 大邑
2218 2316 崇州
2242 2298 成都
2263 2329 简阳
2281 2352 资阳
2177 2276 青城山镇
2207 2261 都江堰
2255 2252 什邡
2260 2232 绵阳
2264 2210 安县
2221 2192 茂县
2175 2230 离堆公园
2263 2272 广汉
2281 2253 德阳
2304 2228 绵阳
2326 2204 江油
2345 2184 青川
2367 2161 剑门关
2314 2311 大英
2299 2380 资中
2409 2412 沙坪坝
2391 2412 璧山
2376 2411 永川
2360 2410 大足
2341 2408 荣昌
2317 2407 内江
2407 2374 合川
2385 2348 潼南
2361 2318 遂宁
2406 2327 武胜
2407 2290 南充
2404 2253 南部
2401 2215 阆中
2399 2182 苍溪
2426 2308 岳池
2455 2329 广安
2439 2269 营山
2471 2262 土溪
2495 2300 大竹
2513 2252 达州
2461 2191 巴中
2528 2281 开江
2396 2138 广元
2216 2109 松潘
2468 2398 长寿
2511 2385 涪陵
2549 2371 丰都
2581 2359 石柱县
2506 2418 南川
2539 2426 武隆
2595 2417 黔江
2641 2404 咸丰
2657 2418 来凤
2673 2436 龙山
2620 2454 酉阳
2506 2350 垫江
2542 2305 梁平
2597 2298 万州
2627 2293 云阳
2679 2286 奉节
2711 2282 巫山
2749 2276 巴东
2626 2344 利川
2672 2350 恩施
2701 2324 建始
2505 2699 贵定
2548 2702 凯里
2607 2663 三橞
2642 2491 秀山
2665 2524 松桃
2681 2557 凤凰
2698 2580 麻阳
2708 2532 吉首
2713 2605 怀化
2765 2602 溆浦
2804 2602 新化
2861 2590 昭阳
2705 2466 永顺
2735 2508 古丈
2754 2492 芙蓉镇
2750 2464 桑植
2787 2462 张家界
2822 2462 慈利
2858 2462 常德
2886 2484 汉寿
2918 2505 益阳
2933 2516 宁乡
2918 2577 韶山
2950 2570 湘潭
2628 2648 铜仁
2651 2630 新晃
2681 2620 芷江
2962 2538 长沙
2969 2478 泊罗
2971 2431 岳阳
3028 2402 赤壁
3062 2379 咸阳
2979 2575 株洲
2954 2625 衡山
2935 2666 衡阳
2552 2746 三都
2590 2763 榕江
2640 2780 从江
2681 2796 三江
2712 2808 五通
2741 2821 桂林
2650 3033 宾阳
2684 3023 贵港
2648 2969 来宾
2730 3009 桂平
2764 3003 平南
2435 2110 朝天
2458 2093 宁强
2482 2077 汉中
2512 2051 城固
2538 2033 洋县
2563 2019 佛坪
2592 2000 鄠邑
2636 1967 西安
2594 1966 咸阳
2558 1960 杨陵
2529 1959 岐山
2485 1954 宝鸡
2390 1928 天水
2370 1906 秦安
2343 1878 通渭
2307 1839 定西
2274 1870 渭源
2260 1939 岷县
2281 1967 宕昌
2323 2027 陇南
2366 2092 青川
2271 2058 九寨沟
2439 1559 银川
2438 1587 灵忠
2442 1608 吴忠
2457 1652 惠安堡
2471 1680 甜水堡
2493 1730 环县
2503 1756 曲子
2518 1785 庆城
2537 1826 庆阳
2553 1850 宁县
2571 1878 彬县
2583 1897 永寿
2600 1918 乾县
2615 1940 礼泉
2674 1948 渭南
2668 1998 蓝田
2693 2025 商洛
2712 2050 山阳
2733 2077 漫山关
2754 2098 郧西
2776 2123 十堰
2806 2136 武当山
2829 2146 丹江口
2856 2156 谷城
2805 2233 兴山
2858 2196 南漳
2889 2172 囊阳
2901 2137 邓州
2920 2090 南阳
2718 1945 华山
2757 1940 灵宝
2827 2304 宜昌
2862 2323 枝江
2896 2344 荆州
2930 2338 潜江
2967 2337 仙桃
2995 2326 天门
3024 2319 汉川
2935 2191 枣阳
2977 2206 随州
3004 2245 安陆
3031 2280 孝感
3061 2314 武汉
2679 2920 柳州
2709 2871 鹿寨
2698 2889 东泉
2665 2943 佳田
2773 2842 阳朔
2796 2858 恭城
2823 2876 钟山
2853 2895 贺州
2764 2795 灵川
2778 2781 兴安
2801 2755 全州
2830 2728 东安
2873 2695 祁阳
2904 2680 祁东
2725 2846 永福
2798 2992 藤县
2837 2981 梧州
2860 3003 郁南
2877 3017 南江口
2893 3039 云浮
2933 3024 肇庆
2957 3017 三水
2983 3011 佛山
3022 3003 广州
2993 2954 清远
3022 2856 韶关
2979 2760 郴州
2956 2714 耒阳
2735 3210 湛江
2751 3199 塘口
2766 3187 黄略
2778 3177 塘缀
2793 3164 吴川
2811 3147 茂名
2845 3142 马踏
2865 3141 阳西
2893 3134 阳江
2912 3121 恩平
2925 3107 开平
2940 3095 台山
2954 3083 双水
2983 3063 江门
3010 3072 中山
3029 3057 南沙
3054 3036 虎门
3042 3024 庆盛
3081 3063 深圳
3085 3087 福田
3088 3108 香港
3096 3039 东莞
3106 3017 惠州
3130 3021 惠东
3157 3030 鲘门
3187 3034 汕尾
3213 3015 陆丰
3125 2987 博罗
3141 2965 河源东
3158 2937 河源北
3170 2913 龙川
3165 2883 和平
3157 2857 定南
3153 2827 龙南
3143 2795 信丰
3132 2762 赣州
3153 2743 赣县
3167 2760 于都
3211 2761 瑞金
3235 2771 长汀
3258 2785 冠豸山
3101 2708 遂川
3083 2675 井冈山
3035 2591 萍乡
3016 2575 醴陵
3078 2567 宜春
3111 2544 新余
3158 2515 高安
3202 2485 南昌
3169 2716 兴国
3154 2687 万安
3138 2665 泰和
3129 2639 吉安
3142 2611 吉水
3151 2589 峡江
3160 2565 兴干
3169 2544 樟树
3027 2160 信阳
3025 2085 驻马店
3026 2032 漯河
3010 1988 许昌
3089 2326 左岭
3111 2342 鄂州
3137 2358 黄石
3157 2376 阳新
3180 2393 瑞昌
3199 2407 庐山
3201 2421 德安
3201 2443 永修
3201 2456 乐化
3235 2471 余干
3243 2499 进贤
3269 2511 抚州
3297 2521 鹰潭
3328 2504 戈阳
3253 2457 鄱阳
3269 2445 阳平
3291 2430 景德镇
3312 2417 瑶里
3335 2402 祁门
3355 2386 黟县
3376 2376 黄山
3380 2354 黟县
3385 2340 绩溪
3375 2323 旌德
3364 2304 泾县
3353 2287 南凌
3335 2263 铜陵
3335 2238 无为
3334 2203 巢湖
3239 2554 抚州
3251 2593 南城
3259 2621 南丰
3287 2636 建宁
3311 2648 泰宁
3341 2665 将乐
3365 2711 三明
3399 2727 尤溪
3436 2745 永泰
3221 2708 宁都
3248 2706 石都
3271 2707 宁化
3295 2709 清流
3319 2728 明溪
3338 2742 永安
3364 2762 大田
3387 2775 德化
3409 2792 安溪
3427 2806 南安
3453 2820 泉州
3435 2838 晋江
3416 2866 厦门
3283 2797 古田
3311 2810 龙岩
3336 2828 龙山镇
3349 2846 南靖
3395 2863 角美
3375 2866 漳州
3356 2887 漳浦
3337 2907 云霄
3323 2920 诏安
3306 2940 饶平
3284 2964 潮汕
3268 2976 朝阳
3249 2988 普宁
3229 3004 葵潭
3279 2677 水茜
3481 2768 莆田
3508 2741 福清
3503 2708 福州
3459 2688 闽清
3424 2676 古田
3395 2660 南平
3391 2626 建瓯
3381 2555 武夷山
3373 2516 五府山
3367 2484 上饶
3357 2446 德兴
3396 2468 玉山
3415 2456 江山
3508 2676 连江
3513 2662 罗源
3520 2639 宁德
3534 2612 霞浦
3546 2592 太姥山
3552 2578 福鼎
3560 2564 鳌江
3571 2546 瑞安
3588 2521 温州
3594 2508 永嘉
3604 2500 乐清
3612 2487 绅坊
3624 2474 雁荡山
3634 2461 温岭
3647 2442 台州
3647 2420 临海
3628 2412 临海
3645 2404 三门
3646 2384 宁海
3647 2353 奉化
3618 2386 天台山
3609 2364 新昌
3645 2328 宁波
3626 2326 庄桥
3442 2444 衢州
3467 2432 龙游
3498 2416 金华
3532 2398 义乌
3530 2356 诸暨
3596 2337 嵊州
3608 2320 余姚
3589 2318 上虞
3565 2314 绍兴
2890 2951 怀集
2903 2975 广宁
3418 2352 三阳
3444 2365 千岛湖
3468 2376 建德
3489 2355 桐庐
3504 2340 富阳
3527 2307 杭州
3111 2306 黄冈
3138 2321 浠水
3161 2334 蕲春
3187 2346 武穴
3201 2388 九江
3212 2362 黄梅
3216 2348 宿松
3226 2326 太湖
3235 2309 潜山
3244 2284 安庆
3254 2260 桐城
3263 2237 庐江
3273 2215 舒城
3088 2279 红安
3112 2247 麻城
3163 2221 金寨
3226 2188 六安
3290 2172 合肥
3314 2191 长临河
3327 2163 肥东
3353 2155 全椒
3356 2193 含山
3372 2211 芜湖
3390 2229 戈江
3400 2241 湾沚
3521 2276 德清
3516 2250 湖州
3478 2254 安吉
3460 2253 广德
3440 2252 郎溪
3418 2252 宣城
3274 2139 水家湖
3548 2286 余杭
3558 2275 海宁
3570 2263 桐乡
3584 2247 嘉兴
3609 2252 嘉善
3628 2253 金山
3631 2229 松江
3640 2195 上海
3504 2228 长兴
3496 2211 宜兴
3457 2182 溧水
3472 2195 溧阳
3440 2170 句容
3425 2159 江宁
3402 2139 南京
3612 2171 太仓
3590 2164 常熟
3612 2197 南翔
3598 2199 安亭
3584 2197 昆山
3569 2202 阳澄湖
3546 2199 苏州
3530 2186 无锡
3562 2150 张家港
3539 2161 江阴
3518 2171 常州
3499 2163 惠山
3487 2147 丹阳
3476 2136 丹徒
3476 2173 金坛
3465 2119 镇江
3445 2123 宝华
3428 2129 仙林
3560 2123 南通
3542 2101 如皋
3528 2069 海安
3452 2097 扬州
3438 2064 高邮
3426 2037 宝应
3354 2117 滁州
3321 2097 定远
3258 2106 淮南
3284 2076 蚌埠
3236 2102 寿县
3212 2098 凤台
3190 2091 颍上
3164 2086 阜阳
3160 2049 太和
3127 2057 沈丘
3102 2046 项城
3077 2029 周口
3055 2016 西华
3038 2004 鄢陵
2936 2053 方城
2951 2017 平顶山
2958 1993 郏县
2970 1975 禹州
2974 1957 长葛
2990 1917 郑州
3155 2017 古城集
3152 1992 毫州
3147 1967 芦庙
3142 1939 商丘
3272 2007 宿州
2808 1935 三门峡
2854 1930 渑池
2902 1927 洛阳
2943 1923 巩义
3044 1913 开封
3104 1924 民权
3116 1906 曹县
3193 1938 砀山
3220 1955 永城
2719 1927 大荔
2751 1910 永济
2789 1893 运城
2801 1863 闻喜
2812 1838 侯马
2822 1816 襄汾
2830 1791 临汾
2843 1771 洪洞
2851 1754 霍州
2863 1733 灵石
2873 1715 介休
2885 1698 平遥
2893 1678 祁县
2901 1663 太谷
2920 1661 太谷
2922 1689 榆社
2957 1875 焦作
2933 1843 晋城
2939 1813 高平
2948 1783 长治
2935 1752 襄垣
2925 1725 武乡
2909 1644 晋中
2902 1619 太原
3119 1888 定陶
3123 1866 菏泽
3151 1853 巨野
3169 1848 嘉祥
3193 1840 济宁
3225 1826 兖州
3263 1858 滕州
3269 1893 枣庄
3514 2043 东台
3496 2011 盐城
3507 1975 射阳
3467 2007 建湖
3417 1981 涟水
3441 2004 阜宁
3407 1999 淮安
3377 1985 泗阳
3355 1978 宿迁
3331 1972 睢宁
3317 1934 邳州
3343 1924 新沂
3372 1914 东海
3421 1926 董集
3423 1962 灌南
3493 1963 阜宁
3477 1946 滨海
3449 1920 灌云
3424 1899 连云港
3402 1879 赣榆
3417 1849 岚山
3432 1824 日照
3380 1840 莒南
3347 1700 青州
3342 1860 临沂
3318 1847 费县
3285 1832 泗水
3242 1767 泰安
3000 1865 新乡
3023 1851 卫辉
3046 1838 滑俊
3070 1823 内黄
3458 1788 董家口
3488 1750 青岛
3008 1816 鹤壁
3012 1785 安阳
3022 1733 邯郸
3026 1688 邢台
3034 1652 高邑
3096 1809 濮阳
3118 1795 乐南
3143 1781 莘县
3169 1765 聊城
3192 1751 茌平
3211 1744 长清
3232 1727 济南
3276 1711 邹平
3309 1697 淄博
3252 1817 曲阜
2972 1623 阳泉
3043 1600 石家庄
3007 1612 井陉
3074 1610 藁城
3098 1620 辛集
3126 1629 衡水
3152 1637 景州
3176 1646 德州
3191 1669 平原
3204 1684 禹城
3215 1702 齐河
2903 1574 阳曲
3066 1562 正定机场
3077 1541 定州
3382 1700 潍坊
3414 1716 高密
3437 1727 胶州
3461 1739 青岛机场
3486 1719 城阳
3486 1699 即墨
3484 1673 莱西
3510 1672 莱阳
3539 1671 海阳
3546 1625 烟台
3571 1621 牟平
3598 1621 威海
3618 1627 文登
3638 1632 荣成
3202 1562 沧州
2903 1536 忻州
2906 1500 原平
2908 1462 山阴
2920 1444 应县
2933 1426 怀仁
2946 1406 大同
2968 1382 高阳
2983 1367 天镇
3006 1353 怀安
2829 1323 呼和浩特
2865 1328 旗下营
2893 1327 卓资
2924 1328 乌兰察布
2970 1333 兴和
3032 1332 张家口
3057 1344 宣化
3167 1410 北京
3071 1297 崇礼
3083 1318 太子城
3072 1354 下花园
3088 1363 怀来
3101 1373 东花园
3115 1381 八达岭
3119 1364 延庆
3129 1388 昌平
3143 1397 清河
3195 1391 顺义
3214 1377 怀柔
3235 1363 密云
3258 1345 兴德
3097 1513 保定
3124 1473 高碑店
3122 1507 徐水
3141 1503 白洋淀
3159 1498 白沟
3146 1515 雄安
3177 1491 霸州
3198 1487 胜芳
3277 1332 安匠
3136 1453 涿州
3181 1454 廊坊
3203 1453 武清
3193 1413 燕郊
3199 1425 大厂
3215 1429 香河
3229 1431 宝坻
3261 1426 玉田
3291 1435 唐山
3229 1457 北辰
3251 1475 天津机场
3273 1497 滨海
3227 1479 天津
3300 1320 承德
3377 1372 秦皇岛
3333 1295 平泉
3357 1279 牛河梁
3378 1264 喀左
3397 1250 奈林皋
3433 1228 朝阳
3465 1223 北票
3487 1215 乌兰木图
3523 1208 阜新
3546 1200 黑山
3575 1196 新民
3561 1167 彰武
3548 1134 章古台
3532 1085 甘旗卡
3514 1042 木里图
3496 999 通辽
3543 1248 盘锦
3523 1265 凌海
3509 1279 锦州
3467 1304 葫芦岛
3428 1334 绥中
3638 1182 沈阳
3671 1180 榆树台
3697 1174 飘儿屯
3727 1168 抚顺
3659 1137 铁岭
3624 1220 辽阳
3615 1252 鞍山
3609 1274 海城
3602 1300 营口
3593 1324 盖州
3584 1356 鲅鱼圈
3570 1400 瓦房店
3557 1441 普湾
3549 1474 大连
3598 1434 杏树屯
3629 1410 城子坦
3656 1394 庄河
3681 1372 大孤山
3707 1352 东港
3741 1330 丹东
3725 1304 凤城
3710 1283 通远堡
3695 1258 南芬
3678 1230 本溪
3673 1106 开原
3687 1075 昌图
3700 1044 四平
3718 1004 公主岭
3734 968 长春
3765 964 龙嘉
3792 960 九台
3821 956 吉林
3868 958 蛟河
3897 968 威虎岭
3925 972 郭化
3955 975 大石头
3983 980 安图
4021 988 延吉
4050 994 图们
4083 996 珲春
3758 902 德惠
3773 858 扶余
3621 632 齐齐哈尔
3664 664 杜尔伯特
3700 699 大庆
3722 723 安达
3757 751 肇东
3799 785 哈尔滨
3787 817 双城
3841 805 阿城
3867 821 帽儿山
3899 840 尚志
3923 853 亚布力
3945 867 横道河子
3974 882 海林
3995 893 牡丹江
3997 869 桦林
4000 846 林口
4005 823 鸡西
4009 801 七台河
4015 777 桦南
4019 753 孟家湾
4026 724 双鸭山
4035 681 佳木斯
4009 704 红克力
3989 727 依兰
3830 775 宾西
3856 774 滨州
3887 773 宾安
3909 774 胜利镇
3941 774 方正
3957 756 得莫河
3978 742 达连河
3813 747 呼兰
3847 706 绥化
3873 670 庆安
3899 639 铁力
3943 578 伊春
2690 3324 临高
2757 3312 海口
2777 3331 美兰机场
2790 3347 文昌
2784 3372 琼海
2777 3393 博鳌
2756 3416 万宁
2722 3451 陵水
2674 3470 三亚
2629 3460 凤凰
2601 3434 乐东
2596 3396 东方
3634 3028 左营
3626 3007 台南
3611 2962 嘉义
3608 2934 云林
3610 2909 彰化
3620 2880 台中
3640 2844 苗栗
3651 2821 新竹
3663 2806 桃园
3684 2794 板桥
3700 2786 台北
3717 2783 南港
2061 2855 玉溪
2849 2709 永州
3189 2760 会昌
3191 2713 于都
2943 1621 东凌井
3076 1912 兰考
3261 1949 徐州
3276 2754 长汀
3183 2519 丰城
3370 2402 婺源
line_data:
1 0
2 1
3 2
4 3
5 4
6 5
7 6
8 7
9 8
10 9
11 10
12 11
13 12
14 13
15 14
16 15
17 16
18 17
19 18
20 19
21 20
22 21
23 22
24 23
288 24
287 286
288 287
289 288
290 289
291 290
292 291
293 292
294 293
295 294
296 295
297 296
298 297
299 298
271 299
301 271
302 301
303 302
304 303
305 304
305 306
307 306
308 307
309 308
312 309
324 312
325 324
326 325
327 326
328 327
25 19
279 25
278 279
277 278
276 277
275 276
274 275
273 274
272 273
271 272
300 271
315 300
315 316
634 316
635 634
636 635
636 637
628 637
638 628
934 638
639 934
632 639
641 632
642 641
935 642
685 935
686 685
687 686
693 687
280 25
281 280
282 281
283 282
284 283
195 284
285 281
196 285
163 196
162 163
161 162
160 161
155 160
165 155
166 165
167 166
168 167
169 168
170 169
195 170
264 195
265 264
266 265
267 266
268 267
269 268
270 269
271 270
159 155
164 159
158 159
154 155
153 154
152 153
147 152
146 147
145 146
144 145
143 144
142 143
141 142
140 141
139 140
138 139
137 138
136 137
135 136
135 134
133 134
132 133
151 155
150 151
149 150
74 149
73 74
72 73
71 72
70 71
69 70
68 69
67 68
66 67
65 66
64 65
63 64
62 63
61 62
60 61
59 60
58 59
57 58
56 57
56 55
54 55
53 54
52 53
51 52
50 58
49 50
48 49
47 48
46 47
43 46
43 42
41 42
40 41
39 40
38 39
37 38
44 43
45 44
83 55
83 84
85 84
86 85
87 86
88 87
89 88
90 89
91 90
92 91
93 92
98 93
99 98
95 99
94 95
97 99
96 97
100 99
101 100
102 101
103 102
104 103
105 104
106 105
106 218
75 58
27 26
28 27
29 28
29 30
31 30
32 31
33 32
34 33
35 34
36 35
929 36
58 929
76 75
77 76
78 77
79 78
80 79
81 80
82 81
108 82
107 108
218 107
219 218
253 106
253 254
255 254
256 255
257 256
258 257
333 258
334 333
334 335
336 335
530 336
531 530
531 349
259 99
260 259
262 260
263 262
344 263
345 344
346 345
347 346
348 347
349 348
261 259
332 261
329 332
331 329
330 331
343 330
258 343
258 337
338 337
339 338
340 339
930 340
341 930
342 341
252 342
251 252
250 251
245 250
356 252
355 356
354 355
353 354
352 353
351 352
350 351
350 349
374 352
374 373
375 373
376 375
377 376
372 373
371 372
370 371
369 370
368 369
367 368
366 367
365 366
364 365
363 364
362 363
361 362
360 361
359 360
358 359
357 358
109 108
110 109
111 110
112 111
113 112
114 113
114 115
116 115
117 116
148 117
149 148
130 116
129 130
129 128
127 128
131 130
172 131
178 172
130 178
157 172
156 157
155 156
171 155
181 171
177 178
176 177
175 176
174 175
173 174
126 173
118 108
119 118
120 119
121 120
122 121
123 122
124 123
125 124
126 125
179 126
180 179
181 180
183 181
187 183
188 187
188 126
182 179
183 182
184 183
185 184
186 185
195 186
189 183
190 189
192 190
193 188
266 193
191 188
191 192
194 192
209 194
208 209
197 208
126 197
198 197
199 198
200 199
215 200
216 215
210 215
210 209
211 210
212 211
213 212
214 213
217 214
216 217
201 126
202 201
203 202
204 203
205 204
206 205
230 206
233 230
234 233
232 234
235 234
236 235
237 236
238 237
239 238
245 239
246 245
247 246
203 207
221 207
222 221
223 222
224 223
226 224
225 223
231 225
232 231
220 219
242 220
243 242
244 243
226 244
227 226
228 227
229 228
240 229
241 240
245 241
252 229
392 252
401 245
401 400
402 400
398 399
400 399
392 398
393 392
391 392
391 390
389 390
388 389
387 388
386 387
385 386
384 385
379 384
378 379
375 378
379 380
381 380
382 381
383 382
482 383
481 482
480 481
479 480
478 479
477 478
476 477
475 476
474 475
474 473
468 473
467 468
466 467
394 392
931 394
395 931
396 395
397 396
469 397
470 469
471 470
472 471
474 472
393 406
932 406
456 932
457 456
458 457
483 458
450 483
459 458
936 397
459 936
460 459
461 460
462 461
463 462
464 463
465 464
466 465
484 466
485 484
486 485
497 486
498 497
499 498
500 499
501 500
502 501
503 502
505 504
504 503
506 505
507 506
508 507
509 508
510 509
511 510
512 511
513 511
514 512
515 514
516 515
519 516
519 520
527 520
528 527
526 528
526 518
517 518
513 517
486 455
455 484
454 455
453 454
452 453
451 452
450 451
449 450
448 449
447 448
405 447
249 328
248 249
247 248
317 214
317 318
319 318
320 319
321 320
322 321
323 322
328 323
414 327
415 414
416 415
417 416
628 417
627 628
626 627
625 626
624 625
623 624
314 623
313 314
313 312
643 300
644 643
644 645
646 645
647 646
648 647
649 648
650 649
651 650
652 651
653 652
654 653
655 654
656 655
665 656
666 665
657 665
658 657
658 664
663 664
662 663
661 662
661 660
659 660
628 659
703 628
704 703
705 704
706 705
714 706
715 714
716 715
717 716
718 717
719 718
720 719
933 666
724 933
726 724
725 726
713 725
712 713
711 712
710 711
710 709
703 709
735 666
735 753
753 754
755 754
756 755
757 756
758 757
759 758
760 759
761 760
767 761
766 767
765 766
764 765
763 764
762 763
768 767
772 768
771 772
770 771
773 772
774 773
775 774
775 777
778 777
775 776
769 778
779 769
780 779
781 780
782 781
791 782
805 791
736 725
737 736
783 737
785 783
786 785
787 786
789 787
790 789
804 790
788 729
769 788
784 783
792 784
769 792
727 725
728 727
728 729
730 729
731 730
752 731
804 752
732 731
733 732
734 733
720 734
721 720
722 721
698 722
738 698
739 738
740 739
741 740
708 741
742 708
743 742
743 744
745 744
746 745
747 746
748 747
749 748
750 749
751 750
640 639
667 640
668 667
669 668
668 632
717 668
702 720
723 702
673 723
674 673
935 674
670 669
671 670
672 671
723 672
701 723
700 701
699 700
697 699
696 695
696 697
694 695
693 694
707 696
708 707
622 417
621 622
620 621
620 619
618 619
616 618
617 616
629 617
630 629
631 630
632 631
552 616
551 552
328 551
553 552
554 553
555 554
550 555
549 550
548 549
547 548
545 546
544 545
543 544
542 543
423 542
424 423
425 424
426 425
405 426
538 328
539 538
540 539
540 541
543 541
418 328
419 418
420 419
421 420
422 421
423 422
403 402
404 403
405 404
937 405
413 937
412 413
412 411
410 411
409 410
408 409
407 408
406 407
487 486
488 487
489 488
490 489
490 491
492 491
493 492
494 493
938 494
438 938
427 405
432 427
433 432
434 433
435 434
436 435
437 436
438 437
428 405
429 428
430 429
431 430
493 431
495 493
496 495
521 496
522 521
523 522
524 523
525 524
537 525
536 537
439 438
440 439
532 440
533 532
534 533
529 537
528 529
570 537
571 570
572 571
573 572
574 573
575 574
576 575
577 576
577 585
586 585
593 586
594 593
587 577
587 588
589 588
590 589
591 590
592 591
595 592
596 595
594 595
563 537
564 563
578 564
579 578
579 581
580 581
582 580
583 582
584 583
602 584
601 602
600 601
596 599
582 599
598 600
597 598
596 597
557 555
558 557
584 558
556 555
446 556
559 446
557 559
560 559
561 560
561 562
568 562
567 568
566 567
566 565
564 565
445 446
444 445
443 444
442 443
441 442
440 441
906 905
906 907
908 907
909 908
910 909
911 910
912 911
913 912
914 913
915 914
916 915
905 916
918 917
918 919
920 919
921 920
922 921
923 922
924 923
925 924
926 925
927 926
928 927
569 555
611 569
612 611
613 611
614 613
615 614
616 615
633 612
935 633
610 612
609 610
584 609
606 600
607 606
608 607
681 608
680 681
678 680
603 593
604 603
604 605
675 605
676 675
678 676
677 676
690 677
691 690
692 691
692 693
688 693
689 688
679 689
681 679
682 681
683 682
684 683
935 684
803 804
802 803
801 802
804 801
800 804
806 800
795 769
795 796
797 796
798 797
799 798
800 799
801 798
794 769
804 794
793 769
804 793
807 805
807 808
809 808
810 809
810 811
812 811
813 812
814 813
814 815
815 816
817 816
818 817
819 818
827 816
822 827
823 822
824 823
825 824
825 826
806 826
820 819
821 820
832 827
833 832
834 833
835 834
836 835
837 836
838 837
839 838
840 839
840 841
842 841
842 843
844 843
845 844
846 845
846 847
848 847
849 848
850 849
827 850
828 827
829 828
830 829
827 831
851 831
852 851
853 852
854 853
855 854
867 855
868 867
875 868
875 874
856 855
857 856
857 858
859 858
860 859
860 861
862 861
863 862
864 863
865 864
866 865
876 874
877 876
878 877
879 878
879 880
881 880
882 881
883 882
884 883
885 884
886 885
887 886
888 887
889 888
890 889
891 890
892 891
899 892
898 899
897 898
896 897
895 896
894 895
893 894
893 874
870 869
871 870
872 871
873 872
874 873
900 874
901 900
902 901
903 902
904 903
310 214
311 310
312 311
823 811
